"n" "rep" "id" "beta_0_hat" "beta_1_hat" "gamma_0_hat" "gamma_1_hat" "error" "errorMessage"
100 87 1 -1.24329998184287 3.19722672941659 1.67247468384465 -2.53677047557151 FALSE ""
200 81 2 -1.27359649613041 3.39355650111919 2.14354755563588 -3.88192234932387 FALSE ""
100 21 3 -1.43145689356383 3.51659620852922 1.96093140944518 -2.97928262039895 FALSE ""
150 9 4 -1.20834348778191 3.34826624903595 1.44657785864987 -3.26863999355089 FALSE ""
300 58 5 0.57906297975627 3.49349325441545 -2.09652184443672 -2.91769480435727 FALSE ""
100 49 6 -1.20596621569177 3.27517654834929 1.93559536173405 -2.9905724457228 FALSE ""
150 90 7 -1.52303885573817 3.41858851066281 2.54706829400314 -3.19553981056325 FALSE ""
200 29 8 -1.33949328382703 3.53915955638987 2.25803464639711 -3.66140924714054 FALSE ""
300 13 9 -1.41465399942048 3.60943276782018 1.99487571889019 -3.14876307772963 FALSE ""
300 56 10 -1.14018436400053 3.31842272596488 1.51946749335133 -2.9714002280022 FALSE ""
100 25 11 -1.4706334616342 3.51242336191336 2.28586201817134 -3.397125773596 FALSE ""
300 4 12 -1.30586873534348 3.43488307651343 1.99721025685344 -3.50669077041531 FALSE ""
150 24 13 -1.37771335764093 3.56247799210346 2.00620827940427 -3.01151349647669 FALSE ""
150 79 14 -1.44317432022279 3.58298345076274 2.5611411842274 -3.99488326290412 FALSE ""
300 88 15 -1.40499303892323 3.68851511561885 2.05916173806756 -3.53984405620384 FALSE ""
300 70 16 0.576665383465406 3.28090165353197 -1.82405419977878 -2.80455994962672 FALSE ""
300 20 17 0.738609821710359 3.12833243514945 -1.98934791013215 -2.78496282761385 FALSE ""
200 99 18 -1.28712767825509 3.31005076729732 2.44437520630297 -3.82957240428172 FALSE ""
50 54 19 -0.95631325359952 3.25293078321629 1.21195525764889 -2.56972560825898 FALSE ""
300 69 20 -1.41317523334152 3.5054193943648 2.25559007207535 -3.41613401531032 FALSE ""
50 73 21 -1.57686136814096 3.40581505997001 3.81954196881696 -5.36912294417139 FALSE ""
150 53 22 0.770552523157317 3.82612284226694 -2.59581057341203 -3.07574571729844 FALSE ""
200 19 23 -1.38497300764543 3.17762828809594 2.69130767124509 -3.26939487913409 FALSE ""
150 26 24 0.489151876539535 3.46521379897359 -2.13468387822728 -2.30001754460681 FALSE ""
300 8 25 -1.26620377537324 3.41227532728358 2.10044635316072 -3.46865057727597 FALSE ""
300 27 26 0.606252846968692 3.29127768948518 -1.92918099212409 -2.62960249795546 FALSE ""
200 72 27 -1.21822362773862 3.32502251441406 2.0679398737213 -3.34800149445664 FALSE ""
150 46 28 0.757793900351109 3.08820220012163 -2.24063806698698 -2.51176600631268 FALSE ""
150 5 29 -1.371941419402 3.39978575586134 2.32490758324475 -3.63722162542528 FALSE ""
50 12 30 -1.12008144664696 3.18897044105859 1.17355074857803 -2.89114523454411 FALSE ""
50 60 31 0.0973412686302066 3.8499132462612 -1.99750286080961 -1.30268049573263 FALSE ""
300 54 32 -1.24612627695197 3.33002961913611 2.12728006037737 -3.48729518637628 FALSE ""
300 100 33 -1.30934741824115 3.42969559349611 2.11277129987831 -2.84503870347142 FALSE ""
300 24 34 -1.13246198818616 3.34078607934451 1.59511158544378 -3.02880475466618 FALSE ""
100 76 35 -1.48078391715405 3.76263619772685 1.67212205797185 -2.12245426416627 FALSE ""
200 70 36 -1.24006130685643 3.18383766278919 2.74266048053362 -4.30140595409066 FALSE ""
150 43 37 -1.56071751043396 3.526258557401 2.79298046602711 -3.52841724995498 FALSE ""
150 14 38 -1.19085318365692 3.45274048034575 1.7342882273736 -2.78049439474929 FALSE ""
150 29 39 -1.46731458406333 3.33446143232516 2.73215527749449 -3.37349240409336 FALSE ""
300 79 40 -1.17953585037877 3.38019622171059 1.5281439706185 -3.24469832420423 FALSE ""
50 30 41 -1.14744380464339 3.00529722766993 2.05054559842542 -3.24758676897547 FALSE ""
50 9 42 0.729037162714383 3.06000078451204 -2.36662558340635 -1.59906092347373 FALSE ""
100 58 43 -1.22014641511417 3.30778604280544 2.18567200214491 -3.26417116311807 FALSE ""
200 77 44 -1.45813120805807 3.39823442900379 2.79377288605831 -3.91841586823598 FALSE ""
200 2 45 -1.45286291598081 3.31413937808447 2.75850028292661 -3.80081227258676 FALSE ""
50 64 46 -1.44440418085783 3.97749114781203 1.81859442179456 -4.24994917619304 FALSE ""
150 77 47 -1.41747221288694 3.4413937970318 2.88598468325537 -4.52073682312252 FALSE ""
100 68 48 -1.17833351184214 3.37009233421725 2.07229907291829 -3.99757644462172 FALSE ""
200 92 49 -1.16413467856024 3.14093113163335 2.08843694474019 -3.51508466536116 FALSE ""
150 30 50 0.665980389432991 3.45155122997041 -2.08274578751691 -2.56543032264852 FALSE ""
150 89 51 -1.28350688978387 3.27944194783411 2.5862026184117 -3.76687851470773 FALSE ""
300 16 52 -1.24862375422733 3.422581695455 1.94920828653413 -3.55155258842008 FALSE ""
300 63 53 -1.19495733082068 3.23597869713903 1.7643331344642 -3.14926019241088 FALSE ""
100 31 54 -1.47207998152663 3.47150038802483 2.20485632076117 -2.75234604520667 FALSE ""
200 100 55 -1.37177857877175 3.31474888422158 2.32757298581042 -3.27134430159578 FALSE ""
200 32 56 -1.42295816734133 3.5010212725013 2.49419312979523 -3.73223318358165 FALSE ""
100 85 57 -1.24909430765315 3.21038793600184 2.14183083517261 -3.74883817195371 FALSE ""
300 42 58 -1.28647129496549 3.36432715549024 2.12511343323218 -3.72070826418783 FALSE ""
200 61 59 -1.21528167103558 3.27209322328347 1.72252336169006 -2.84013869599436 FALSE ""
100 8 60 -1.47557122820946 3.14274292887908 3.57985456303438 -4.63644971331823 FALSE ""
150 52 61 -1.35683287193272 3.5055058452637 2.43352013842916 -3.70939815265882 FALSE ""
50 59 62 3.09658030793431 3.37968206509006 -7.60754419456288 -1.45131176588442 FALSE ""
300 89 63 -1.38277095409734 3.41656824456811 2.18576945015179 -3.33723371510154 FALSE ""
200 23 64 -1.66372932568008 3.88469228886328 2.20311614522238 -3.30346414676453 FALSE ""
50 92 65 -1.28277844984107 3.18573719365503 2.20103936791267 -3.40795715486606 FALSE ""
100 57 66 -1.46864936229329 3.51494239426777 1.96517824712485 -3.44912173400062 FALSE ""
100 74 67 -1.28871301617267 3.22491547197948 2.20473015247215 -3.73352109405024 FALSE ""
200 89 68 -1.23058919201227 3.36005220833696 2.16790143365652 -3.72145909954864 FALSE ""
50 62 69 -1.51394538155449 3.60699422622147 3.33403600235192 -4.539612643112 FALSE ""
50 20 70 -1.79448893836651 3.53837883095441 3.87529138628432 -3.45945126299661 FALSE ""
300 99 71 0.817012635450441 3.36430697879508 -2.53138633660195 -2.48860019787213 FALSE ""
200 63 72 -1.10141126076021 3.07947115058621 2.14592034858884 -3.69502089195768 FALSE ""
100 70 73 -1.30859013069101 2.92441965698744 2.63903022160971 -3.20353900223484 FALSE ""
150 39 74 -1.28686449626763 3.27387166849469 2.38983687874016 -3.44104172108687 FALSE ""
300 49 75 -1.393196640913 3.46737719327634 2.41564519736548 -3.56590431344912 FALSE ""
150 55 76 -1.04479383553999 3.16400203404064 1.95305077872339 -3.35675750641412 FALSE ""
150 93 77 -1.41961300643132 3.53110425607467 2.30354410353531 -3.32238997098079 FALSE ""
100 69 78 0.493568189322093 3.46444120370214 -1.74067786578472 -3.24403585849267 FALSE ""
100 77 79 -1.43169573638029 3.50315349884571 1.96099421308687 -2.32318555263081 FALSE ""
50 58 80 -1.47555177948354 3.33402787546383 3.46512616466396 -4.7748019306087 FALSE ""
200 7 81 3.95493441636134 2.7709425009509 -8.12072501002545 -2.67905811602319 FALSE ""
100 17 82 -1.46965370516575 3.62115877244182 2.62636424386718 -4.45261089291393 FALSE ""
100 53 83 -1.53096087800279 3.71966738175078 2.77871157158235 -4.76433920075265 FALSE ""
300 97 84 0.569164961825395 3.57904868605946 -2.27650938192347 -2.41551960973224 FALSE ""
150 50 85 -1.45103761684789 3.66077416188977 2.54346251931207 -3.73546458624398 FALSE ""
300 14 86 0.608849501152732 3.70287537907265 -2.36426731883754 -2.82552641194594 FALSE ""
50 80 87 0.711302965122605 2.76807168835328 -2.13678770248443 -1.96055505363569 FALSE ""
300 23 88 -1.35976645795768 3.50344111567259 2.18797971726795 -3.36216869241219 FALSE ""
150 3 89 -1.3327551305517 3.4446316122072 2.50824083563403 -3.7729999640984 FALSE ""
50 43 90 0.338461119240104 3.87074385341667 -2.22377230074949 -2.27722878599543 FALSE ""
50 53 91 -1.29340931655951 3.01786210633304 2.30335496111497 -2.93940834451017 FALSE ""
100 43 92 -1.48629592972848 3.60541409792881 3.23389565100517 -4.25335238405592 FALSE ""
150 62 93 -1.38689262144957 3.33112591120298 3.2564237286076 -4.90732257941462 FALSE ""
150 8 94 -1.16665316999926 3.34203937883421 1.80925583842091 -3.30258577083165 FALSE ""
100 28 95 -1.31071716065606 3.41258768860758 2.65109791823385 -3.65198875662577 FALSE ""
50 1 96 -1.46926117038476 3.29654272560256 2.94228736316835 -3.71335688325068 FALSE ""
50 46 97 -1.25318484438996 2.90054094240271 3.04254787701448 -3.44461775001222 FALSE ""
300 30 98 -1.34947509026896 3.50721965361563 2.06049641294863 -3.46752178527299 FALSE ""
200 96 99 -1.48228315428675 3.48791673775038 2.76874653955592 -3.8321714229415 FALSE ""
50 7 100 -1.24519797984811 3.73033833100032 1.14116207905208 -2.85179066044498 FALSE ""
300 11 101 -1.48416335552758 3.63251226510721 2.3573383172782 -3.62798438610265 FALSE ""
100 24 102 -1.23573222370326 3.37016472571957 1.9068785978752 -3.76614222192487 FALSE ""
50 78 103 0.496943686401403 3.72300398585456 -2.17630719402291 -3.38867429011688 FALSE ""
100 94 104 -1.6113451701768 3.47092074936147 3.67383564559647 -4.70070532534958 FALSE ""
100 35 105 -1.56340509846975 3.8630406714943 2.27534894784906 -4.02702052228378 FALSE ""
150 13 106 0.787283854460431 3.25185423193574 -1.86252918619681 -3.29513929195745 FALSE ""
100 4 107 0.528289505438104 3.27753062786399 -1.79971692177745 -2.5603382891953 FALSE ""
300 2 108 -1.25071545740837 3.48186425367516 1.93369074025012 -3.24863864890732 FALSE ""
200 50 109 -1.24323427194783 3.52620368844559 1.78791058443472 -3.32963475624275 FALSE ""
300 17 110 0.634232095936113 3.55844325330228 -2.35863268346791 -2.68034510749789 FALSE ""
300 62 111 -1.14250318137829 3.22417010408456 1.82795018973103 -3.16094003557677 FALSE ""
200 75 112 3.72425763525077 3.45260780546909 -8.07106488137508 -2.93089735601087 FALSE ""
200 95 113 -1.33288740087885 3.37151794839678 2.33009879672863 -3.69572089862508 FALSE ""
200 59 114 -1.25943999943122 3.22586008214645 1.66319284406677 -2.44672028330187 FALSE ""
100 83 115 -1.51881377655825 3.71671006510952 2.27520251936276 -2.78433105682309 FALSE ""
200 31 116 -1.05471399934121 3.25416309551747 1.86725322726422 -3.97161692217461 FALSE ""
200 90 117 -1.10944472150454 3.10008428202368 2.41082987984542 -4.13772494481819 FALSE ""
200 43 118 -1.2628970060722 3.31026288265936 2.24961231541578 -3.79981005155713 FALSE ""
100 91 119 -1.29501392255072 3.54091039793611 2.00275882761743 -3.3871734433023 FALSE ""
100 62 120 0.0677896146548926 3.80912893152755 -1.68321746823373 -2.14433491714091 FALSE ""
100 27 121 -1.20032825584318 3.40139716387357 2.1249966545246 -3.26928676492947 FALSE ""
300 26 122 -1.3698067156819 3.4860133710205 2.05606580358979 -3.11835423130683 FALSE ""
50 37 123 -0.656781659919079 3.23220757147419 0.736938018157756 -3.91178752835519 FALSE ""
50 70 124 0.691324047133678 3.26784454670779 -1.73097147846387 -3.28413978026128 FALSE ""
200 73 125 -1.37769523565626 3.36982503608441 2.56077963794032 -3.56864090186828 FALSE ""
200 16 126 -0.989669241742416 3.32344110040251 1.12762132699528 -2.8616447543815 FALSE ""
300 73 127 -1.2980863931762 3.35985246211678 2.41077337323269 -3.75759287035733 FALSE ""
100 10 128 0.546339078296776 3.53798212619175 -2.36582637454621 -2.55706786271449 FALSE ""
100 2 129 -1.20298704359675 3.22858621109489 2.7152180447149 -4.32203440007763 FALSE ""
200 41 130 -1.40266355262258 3.55257529516463 2.27951288039961 -3.23736867302667 FALSE ""
50 21 131 -1.34082649763028 3.48712873771833 2.18830103600656 -4.47640600020478 FALSE ""
150 7 132 0.702281306348702 3.44093925266655 -2.58168005967719 -2.28166415599743 FALSE ""
100 65 133 -0.986456837080507 3.27059812732875 1.82838830391381 -3.58408096565443 FALSE ""
300 84 134 0.388366561234728 3.86472894674035 -2.10409589175779 -2.98775945275598 FALSE ""
100 9 135 -1.08575453953124 3.0451284789508 2.20929237238698 -3.35862256535645 FALSE ""
150 16 136 -1.27467434194619 3.3312644432906 2.73506062402107 -4.4265983476288 FALSE ""
200 34 137 -1.16812601291563 3.24452952934012 1.90930808349994 -3.14545801590684 FALSE ""
300 15 138 -1.19565129258443 3.45260925459746 2.04379349127882 -3.97157622868081 FALSE ""
300 28 139 -1.32131787924991 3.48296460991624 1.98548705409259 -2.93392101723792 FALSE ""
300 41 140 -1.2687301860315 3.37908514458244 2.07969625694 -3.33507937468302 FALSE ""
300 64 141 -1.1654699821183 3.22417350091034 1.81263359406415 -3.37822583272236 FALSE ""
300 57 142 -1.37266224065475 3.55879375399409 1.95621526533756 -3.66631234258605 FALSE ""
100 86 143 -1.23362424967879 3.46400051683652 1.36011916420289 -2.80655085934298 FALSE ""
100 66 144 0.833793211982838 3.21067684496781 -2.87113617077533 -1.83945240194043 FALSE ""
100 97 145 -1.11485265145802 3.3604770227888 1.4558624394492 -3.0088706985013 FALSE ""
300 3 146 -1.4122752866201 3.32232257572488 2.64696340298965 -3.73031501220354 FALSE ""
50 76 147 -1.01895469551215 3.32358239666934 1.68688276306926 -3.83154954701151 FALSE ""
50 2 148 3.08971650408765 3.39444035648237 -6.55533096595925 -3.3654578018599 FALSE ""
50 38 149 0.900786660847943 3.31930494117381 -2.54651446674206 -1.9248994637738 FALSE ""
100 46 150 -1.09870264703092 2.94311942271017 2.38964058032721 -3.94048971302627 FALSE ""
100 64 151 1.03316271325108 2.89057111840542 -2.2087468280926 -3.15477445993187 FALSE ""
200 36 152 -1.18254730129979 3.2357187548198 2.19637535768335 -4.23649473317557 FALSE ""
300 87 153 -1.2728398264815 3.27939570729107 2.35707307776149 -3.58416269753778 FALSE ""
200 53 154 0.595188337941195 3.54223798360566 -2.09615693539984 -2.96122978251019 FALSE ""
150 83 155 -1.41638221000477 3.4922361696994 2.58506446387978 -4.10768745309295 FALSE ""
150 18 156 3.38013859467206 3.39286502613084 -7.61214358273947 -2.7227729434846 FALSE ""
200 37 157 -1.35454133799459 3.44468424635675 2.01150632722345 -2.99630054906407 FALSE ""
100 92 158 -1.40094394920188 3.43425353045306 2.91625500204871 -4.42465401587243 FALSE ""
50 67 159 -0.9809558254762 2.7267375050508 2.91637781597574 -4.69187284584368 FALSE ""
100 93 160 -1.50583544741495 3.7459578975946 2.0633938467261 -2.67052446937097 FALSE ""
100 96 161 -1.30881865942212 3.12842547430062 2.22409864613229 -3.8057293087295 FALSE ""
50 51 162 0.642464196859007 3.5834320491066 -2.19438043718145 -3.13182578769985 FALSE ""
200 91 163 -1.42307734985295 3.40900874623291 2.57522209180838 -3.6080642401437 FALSE ""
200 47 164 -1.07869660156962 3.32431328956009 1.57110612955916 -3.3496254933585 FALSE ""
300 31 165 -1.18467254891216 3.40384094890745 1.83927649470372 -3.34207356456686 FALSE ""
300 75 166 -1.25575216495042 3.21322665572259 2.49656504155978 -4.08783113955088 FALSE ""
300 72 167 -1.25993203210142 3.42855235373697 1.65112983863744 -2.99512616419232 FALSE ""
50 28 168 0.780096354425022 3.76358354930305 -2.73595695006038 -2.21459809705256 FALSE ""
100 32 169 -1.13634352299614 3.17236482208948 1.78467399385858 -3.12668057105611 FALSE ""
100 51 170 0.793075889306755 3.4961695446188 -2.27885776988424 -3.32445935947666 FALSE ""
50 89 171 -1.04893549036454 3.70010119973134 1.02518335149953 -3.24379371001306 FALSE ""
150 15 172 3.41976332334603 3.5254357287396 -7.6022827101072 -2.51850203404923 FALSE ""
300 6 173 -1.26209859657696 3.35827154414234 1.96811474934168 -3.34117445072131 FALSE ""
100 42 174 -1.03012036528827 3.51980053571687 1.90257692957322 -4.2263527355642 FALSE ""
50 16 175 -1.13295836099503 3.56845318109239 1.24394932821819 -2.75193720643985 FALSE ""
300 86 176 -1.59853710207886 3.72577623508463 2.31559307188368 -3.34111464878952 FALSE ""
150 68 177 -1.55487313018771 3.64906144992661 2.53082392550347 -3.53300203031519 FALSE ""
150 31 178 -1.26168673686151 3.74126837202521 1.85007186916255 -3.45099687938899 FALSE ""
200 20 179 -1.32813146879329 3.38558365315563 2.13532650635536 -3.28934057906269 FALSE ""
300 60 180 -1.43494486676893 3.52039607558948 2.54134563906272 -3.78048255875332 FALSE ""
200 21 181 0.335771627276066 3.67098042918709 -1.65969470919096 -3.09160541356329 FALSE ""
200 27 182 -1.16061904186844 3.19507353835682 1.70099876735514 -2.56914831908461 FALSE ""
100 98 183 -1.4297553906356 3.02948614880225 3.15145222127157 -3.93026785483346 FALSE ""
150 64 184 -1.27862476727146 3.37226893864409 2.31478061016566 -3.88017964998 FALSE ""
300 55 185 -1.30927071641525 3.45632840372894 2.21665762584734 -3.36392310316099 FALSE ""
50 40 186 2.86877140228757 3.38550727257896 -7.0750962155933 -1.63791129882112 FALSE ""
50 50 187 -1.14938824879135 3.79215713470252 0.664340182216549 -3.1088884508465 FALSE ""
150 70 188 -1.43072325100964 3.41760277549683 2.44789737242746 -3.4518462758916 FALSE ""
300 96 189 -1.47840046770583 3.60938491949512 2.28919677205019 -3.43606851558763 FALSE ""
100 18 190 -1.3401812215039 3.51918393032608 1.77255046471247 -2.99059385852326 FALSE ""
50 52 191 -1.88391717226943 3.97979869303857 2.99631870558469 -3.52287827583238 FALSE ""
200 86 192 -1.26018961461968 3.41699717424889 2.01326014157909 -3.86247860917297 FALSE ""
50 18 193 -1.1855320097886 3.39338502600587 2.49783372460152 -4.35370570274831 FALSE ""
150 99 194 -1.31077995633169 3.31225148905359 2.45053034196891 -4.24436303211501 FALSE ""
100 22 195 -0.975644372701539 3.18479355108791 1.11629153020169 -2.45779603463675 FALSE ""
100 36 196 0.633322869535227 3.33326971271972 -2.34106808417521 -2.06762786018057 FALSE ""
200 87 197 -1.49682088866863 3.73588596580023 2.17100075124983 -3.43102574064746 FALSE ""
150 33 198 -1.52994369722184 3.47385469307942 2.62756246725298 -3.07282109306769 FALSE ""
200 71 199 -1.40592297359763 3.53247429955854 2.16647985453761 -4.21405034949134 FALSE ""
50 26 200 -1.23160106319639 3.59848439933174 1.04581181943293 -1.94744275451927 FALSE ""
150 37 201 -1.09876582827486 3.3588346229738 1.91980406486058 -3.68318450754982 FALSE ""
50 36 202 0.886752604683987 3.40791737671481 -3.33437985779215 -1.8426354941717 FALSE ""
100 60 203 -1.24568432173713 3.19270961885982 3.1160436683936 -5.08929363332443 FALSE ""
150 6 204 -1.29338587386175 3.60065443801835 1.34223593886205 -2.46350833422409 FALSE ""
50 49 205 0.577391351441552 4.06754436292092 -2.88685419571404 -1.99058054881137 FALSE ""
150 67 206 -1.5746805435439 3.58482695652752 2.80971666572605 -3.79118862936949 FALSE ""
150 81 207 3.81804268411378 3.35533509777096 -8.43733036230291 -2.3339471039835 FALSE ""
50 97 208 -1.2093675163779 3.26693545385978 2.22934039883741 -3.37399385587792 FALSE ""
300 43 209 -1.225123416848 3.26629429053563 2.14678434507886 -3.68804561966924 FALSE ""
150 82 210 -1.16751138200947 3.23414608096698 1.82610588425627 -2.74871869979939 FALSE ""
150 35 211 -1.62555258171165 3.46881396925613 2.74657922418126 -3.44094260202759 FALSE ""
300 66 212 0.484165994166542 3.33628268094599 -1.91737769088164 -2.19632980657339 FALSE ""
200 78 213 0.632582221511747 3.54126139185061 -2.25782964157224 -2.70896402706954 FALSE ""
50 4 214 -1.16603263455349 2.83613911541208 2.84607719566768 -3.89260126463508 FALSE ""
300 46 215 0.867797445186493 3.07144414317353 -2.15695371619528 -2.99227402391415 FALSE ""
100 23 216 -1.05826250723276 3.24304068158989 1.80048522910595 -4.14210173658596 FALSE ""
100 7 217 1.03028790595179 3.27194254139793 -2.54971522026888 -3.10713930583695 FALSE ""
100 88 218 -1.07785958857015 3.22581465685953 1.34539594454735 -2.99524076434257 FALSE ""
50 86 219 -0.79454990051934 3.30467189199549 0.588797058340088 -2.28972368850224 FALSE ""
300 40 220 -1.37224865533106 3.60120935032731 2.23638619365654 -3.56495842370958 FALSE ""
50 79 221 0.684821441919502 3.47813112030422 -2.04026683886985 -3.04850443845078 FALSE ""
200 64 222 3.7151714522223 3.64421273490464 -8.40978355917491 -2.85242127786394 FALSE ""
100 82 223 0.584133358655483 3.23443874347344 -2.04276963352552 -2.73059574579641 FALSE ""
200 11 224 -1.09786181313246 3.00826703809375 2.2348214313484 -3.32798086201127 FALSE ""
50 39 225 -1.56014827876835 3.94377854828523 0.54213117334447 -1.4846294422841 FALSE ""
300 45 226 -1.35171867110943 3.33802372094961 2.2168827723489 -3.4775928936167 FALSE ""
50 55 227 -1.74946264084749 3.98853999975804 1.77950282140803 -1.87602747939334 FALSE ""
200 38 228 0.555731521504872 3.34949199266204 -1.98440606863537 -2.77181549919981 FALSE ""
100 99 229 -1.08037639306973 2.98920130830493 1.80598835721555 -2.3159757932625 FALSE ""
300 21 230 -1.33318212562306 3.39658152678884 2.19990889756522 -3.52675586043423 FALSE ""
100 89 231 0.6459554506054 3.35982778491235 -1.8382088365965 -2.9768752956181 FALSE ""
200 40 232 -1.05346329246303 3.19543230016652 1.51160108534001 -3.11755631111959 FALSE ""
50 68 233 -1.07640866898739 3.05405010374566 2.76692573558955 -4.12831198763496 FALSE ""
300 74 234 0.833692384576762 3.34600902641214 -2.56344210504962 -2.6202977136113 FALSE ""
50 27 235 -1.10995477082485 3.08273976625602 1.62900365263441 -2.74096336141512 FALSE ""
200 13 236 -1.36628210143186 3.5483364981041 2.17641416648677 -2.88891241808548 FALSE ""
300 81 237 -1.08032488485273 3.30765832843729 1.41869974513179 -3.08437159829135 FALSE ""
200 5 238 0.481622563343735 3.70106320671374 -2.14037983745371 -2.94905035763492 FALSE ""
100 54 239 -1.46449986375741 3.31474805161932 1.90382348860255 -2.3663133628489 FALSE ""
50 82 240 1.23524335312642 2.96970769939737 -2.57467514750343 -3.38461819045366 FALSE ""
100 3 241 -1.24557146769464 3.49333770666676 2.31240786853928 -4.05573107354021 FALSE ""
300 71 242 -1.59043841832595 3.53349769425488 3.41038633160183 -4.89092810043574 FALSE ""
300 78 243 -1.44964439043719 3.56662078076477 2.67751287334601 -3.74727217444656 FALSE ""
150 32 244 -1.3833303886048 3.39753468670217 1.97722615342755 -2.95578543524914 FALSE ""
100 72 245 0.627157064877113 3.58296955602627 -1.9526646392537 -3.82886250029664 FALSE ""
100 12 246 -1.39912532566954 3.40243927678195 2.93622717326667 -4.08657162398419 FALSE ""
50 33 247 2.136872062089 3.4371148605947 -5.00150921313066 -3.51964623129708 FALSE ""
150 48 248 -1.11633206841771 3.39694586709162 1.28852730935846 -2.86502995146941 FALSE ""
200 57 249 -1.40072255111256 3.66291821605139 2.04907327331296 -3.64840210360251 FALSE ""
300 68 250 -1.31405093121561 3.25722150515067 2.4923796100233 -3.37807110473377 FALSE ""
200 10 251 -1.3007563418967 3.38626035828261 2.140081272309 -3.44405036172284 FALSE ""
100 55 252 -1.31336508826848 3.50369468489198 1.48756746204249 -2.79911420118937 FALSE ""
50 8 253 -1.81406752455155 3.91122616098142 2.36838719788721 -3.20746996624881 FALSE ""
300 59 254 -1.31180819337239 3.41064792706784 1.94989166935083 -3.46229722797101 FALSE ""
50 56 255 -1.6812849681109 3.36054249441684 4.06496715302156 -4.71593707563965 FALSE ""
200 88 256 -1.21957558601025 3.38180717456347 1.78024345669785 -3.30654574687286 FALSE ""
200 6 257 -1.38820162948284 3.53402454041532 1.82980716060606 -2.73542168975653 FALSE ""
300 33 258 -1.21291338858119 3.32984043112276 1.89604388261119 -3.48174664448672 FALSE ""
200 74 259 -1.09305393638449 3.23203554820245 1.76271669883641 -3.03234073348057 FALSE ""
100 41 260 -0.977857585526307 3.52306761325338 0.760595767668485 -2.95770971223638 FALSE ""
100 81 261 -1.53986716579736 3.21016116016364 3.7821233715495 -4.28422933358289 FALSE ""
50 11 262 0.375111263816924 3.81307964042295 -2.2738631202288 -1.99881735789759 FALSE ""
50 85 263 -1.23811264696873 3.80206489589742 0.871109634714549 -3.42502874126626 FALSE ""
200 8 264 0.400773835748074 3.74988114676051 -1.99725057070322 -2.89455175888309 FALSE ""
50 32 265 -1.65925544219357 3.71740985710175 2.80280741370837 -3.9016463150864 FALSE ""
300 91 266 -1.34873051497851 3.30276386719116 2.36607020071024 -3.48049306951481 FALSE ""
150 59 267 -1.4865801403551 3.40471747110957 2.83408729552789 -4.01167559734099 FALSE ""
300 80 268 -1.03230146754175 3.25999995356396 1.57728393935534 -3.02185783646281 FALSE ""
150 73 269 -1.19817699515188 3.45297850125605 2.11184584575491 -3.80405560827957 FALSE ""
200 97 270 -1.40383525297725 3.401224168347 2.26978020658573 -3.39338361580424 FALSE ""
300 67 271 0.695744472750656 3.33003891801536 -2.25462791490359 -2.26476438524788 FALSE ""
150 56 272 0.834651818857378 3.36383043318549 -2.45052989155587 -3.03691236579986 FALSE ""
150 17 273 -1.35154263329527 3.55266638491457 1.82146013811023 -3.41293701399012 FALSE ""
100 100 274 -1.0696708558676 3.15691986121066 1.6296949563385 -2.64975392466274 FALSE ""
100 37 275 -1.53034103875767 3.17394534589892 3.89367105674479 -4.80675323664573 FALSE ""
300 1 276 -1.46752098932281 3.60880471213911 2.10863890934167 -2.99533385328648 FALSE ""
100 71 277 -1.22350847735722 2.947902663696 3.30717994005588 -4.28856819809495 FALSE ""
150 74 278 -1.45720247296779 3.58351746453991 2.27649632218598 -3.80251772852133 FALSE ""
200 60 279 -1.19170264629801 3.5711494476032 1.64203946458836 -3.56805063161561 FALSE ""
300 93 280 -1.42412035353507 3.38566733312628 2.4768028759055 -3.56815112501277 FALSE ""
50 72 281 0.254758400893587 3.87991201246029 -1.91432801370662 -2.13901068890429 FALSE ""
100 67 282 -1.24367140336778 3.36916754375165 1.4489458359319 -2.62522003387192 FALSE ""
50 42 283 2.60838157079796 3.57077595863013 -5.62494288953672 -3.59215339464651 FALSE ""
100 30 284 -1.25454332455792 3.35739598892434 1.79495192082142 -2.96576479246057 FALSE ""
150 45 285 0.432114652068914 3.44099016540444 -1.93674484838984 -2.58848145992466 FALSE ""
100 59 286 -1.19490984937657 3.2368647988705 2.40865330605529 -4.21107949324941 FALSE ""
200 24 287 -1.35767283429785 3.36614546651948 2.31743006963199 -3.09509515852945 FALSE ""
300 52 288 -1.09588963254447 3.22734825877117 1.6214742401686 -3.36788989292422 FALSE ""
150 25 289 -1.18469870635199 3.33455317813168 2.05150734365009 -3.41194206385505 FALSE ""
100 61 290 -1.28967972601518 3.49905913023242 1.98310486499109 -3.733210633783 FALSE ""
200 79 291 -1.46832631658276 3.58950696037726 2.40128236383859 -3.85797303645467 FALSE ""
200 12 292 -1.25430176705088 3.37252847850704 1.83425565877797 -3.03888276726347 FALSE ""
50 48 293 0.335077325765339 3.61310239203557 -1.91799017388247 -1.93219387508412 FALSE ""
300 9 294 -1.03342148991785 3.3408769320303 1.55989470472636 -3.55067825148778 FALSE ""
50 75 295 0.390453339667419 3.6940355796415 -1.85731723358784 -3.00842882731717 FALSE ""
50 15 296 0.549932843108541 3.55704829875805 -2.84553196278988 -1.42953154884001 FALSE ""
150 60 297 -1.51142123059457 3.65532181734359 2.25152036677848 -3.50488186168907 FALSE ""
150 71 298 0.516141011693586 3.60248656615118 -2.33717384912018 -1.99302537263307 FALSE ""
100 34 299 0.383822336405573 3.44710461788466 -1.9567494808812 -2.29235641121627 FALSE ""
150 20 300 -1.20978552933314 3.28785092959621 2.08716294128446 -3.19624107388599 FALSE ""
300 5 301 -1.36345807311996 3.42768402259553 2.39120568836255 -4.08403682324311 FALSE ""
200 85 302 -1.39839439834312 3.14990667040354 3.1778576961588 -4.04002867371945 FALSE ""
200 84 303 -1.32888710471048 3.44527996649855 2.41116165085439 -4.28433458907807 FALSE ""
150 92 304 -1.4830357108277 3.66619796519523 1.49815922541006 -2.5448442417135 FALSE ""
300 22 305 -1.49241751655386 3.58430798105582 2.64133919094856 -3.6123158944312 FALSE ""
50 14 306 -1.00131911121206 3.43961036784965 0.769273464914744 -3.0244740178188 FALSE ""
150 76 307 0.544972641766116 3.46485413829273 -1.95292824410462 -2.70982533585735 FALSE ""
100 15 308 -1.2767094402255 3.15038565873003 2.29068982230858 -2.93948366046618 FALSE ""
200 9 309 -1.17511726995731 3.29985621381357 1.90388425943181 -3.2707118967682 FALSE ""
300 51 310 -1.17857014009951 3.29361577667967 1.8052338623885 -3.21510140753397 FALSE ""
200 54 311 -1.25934671747973 3.36900515814199 2.28676675376033 -3.44636746724711 FALSE ""
150 84 312 -0.896026184951545 2.78153952424274 1.66428582194041 -3.26036310658719 FALSE ""
300 36 313 -1.34058693345017 3.32052202770294 2.19339990323337 -3.1873501903479 FALSE ""
150 4 314 1.00864652228231 3.05590840537495 -2.74985549872134 -2.67032774287971 FALSE ""
200 56 315 0.666056296271797 3.4028578318703 -2.32399790052925 -2.59341276206309 FALSE ""
50 41 316 -1.42682587102987 3.61701180460679 2.62111180779964 -4.81804707207012 FALSE ""
200 3 317 0.484324757945562 3.8341882842294 -1.89668587531583 -3.26691568273157 FALSE ""
200 14 318 -1.35356546802363 3.45625439497154 2.34041014430769 -3.99279167648379 FALSE ""
100 40 319 -1.29036628939185 3.61053841772184 1.88052396073293 -3.92101698282794 FALSE ""
50 81 320 -1.23007754197768 3.66667528448371 0.980797646513253 -2.05728860279158 FALSE ""
200 68 321 -1.36671653524806 3.36444285980921 2.92677435974368 -4.42702207212401 FALSE ""
100 5 322 3.5069660405029 3.57331769613957 -7.51399723732553 -3.58124560214283 FALSE ""
300 98 323 -1.20859777702685 3.22640617180117 2.03836842819632 -3.26495749885385 FALSE ""
100 13 324 -1.18302058777229 2.90589387633915 2.400694467332 -3.59351302219964 FALSE ""
200 58 325 -1.17505048636789 3.39472563421627 1.67091214056831 -3.00088030986445 FALSE ""
100 26 326 -0.972003646620056 3.22081427892554 1.68197362572428 -3.48406550414343 FALSE ""
150 75 327 -1.11058702325923 3.05617644475101 2.4994280495057 -3.77578183101848 FALSE ""
50 3 328 0.414194046831582 3.70005359685589 -2.33012089317187 -2.36683141375526 FALSE ""
150 78 329 0.626855491776388 3.48970540253252 -2.10489786073023 -2.59453338766405 FALSE ""
100 50 330 -1.26766913656323 3.39203137910597 2.48975896670252 -3.84711118771266 FALSE ""
100 78 331 -1.22889892060218 3.34416848916294 1.58221997610577 -2.49747588695513 FALSE ""
150 51 332 -1.40939173009667 3.17749133977094 3.41393542154175 -4.4088776288737 FALSE ""
150 12 333 -1.35685540760425 3.12631478006077 2.84632599373062 -3.92666794611069 FALSE ""
50 44 334 -1.36156583455826 3.09005366204744 3.07742936959072 -3.88983413915293 FALSE ""
150 47 335 -1.13299446657461 3.24866847809986 1.84718462154881 -3.41394808777852 FALSE ""
50 13 336 0.39560027693959 3.50381378357565 -1.62412305913308 -2.63719293918494 FALSE ""
200 28 337 -1.21333920069626 3.3333626173059 1.65750710573256 -3.05820502187541 FALSE ""
100 20 338 -1.02170453762358 2.83437573430963 2.31854577746093 -3.42389014733361 FALSE ""
150 22 339 -1.31856581702392 3.29518681669266 2.73452377994017 -4.19393650042734 FALSE ""
200 45 340 -1.26408630333248 3.56657190950923 1.94132056407762 -3.60836379839542 FALSE ""
200 80 341 -1.22671286789394 3.5461006960588 1.54945345506852 -2.71743545084444 FALSE ""
200 46 342 -1.37373737130148 3.31291250529439 2.45948461758885 -3.54603079624339 FALSE ""
200 66 343 0.682709992623339 3.14201831369366 -1.89368444640368 -2.56848849921638 FALSE ""
200 94 344 -1.32666256734496 3.49067807151314 1.72982804159646 -2.44479030367004 FALSE ""
100 6 345 -1.0171727767462 3.3035511693696 1.52452519826643 -3.318008733423 FALSE ""
150 34 346 -1.31194612641514 3.22176924105706 2.4420281315245 -3.96900739214318 FALSE ""
300 7 347 -1.42294726125384 3.41205143051202 2.45817927715669 -3.39503995071151 FALSE ""
150 58 348 -1.62148251384301 3.51040758839279 3.56923362179786 -5.08978677470881 FALSE ""
200 25 349 -1.13324925131049 3.39405408125759 1.53166829038825 -2.75652744042593 FALSE ""
50 61 350 -1.94331386873656 4.00771563104957 2.30569467567279 -2.12884201384491 FALSE ""
300 65 351 -1.35808548841235 3.26934366285635 2.6661418881848 -3.41384932468782 FALSE ""
50 74 352 -1.36054205279723 3.59793105797599 2.11708908151719 -3.28171476839699 FALSE ""
50 6 353 -1.23338516660969 3.07828070720172 2.92243370247684 -4.42301824874935 FALSE ""
300 35 354 -1.17438944928651 3.20738455740824 2.27537172414763 -3.92859130485845 FALSE ""
50 100 355 -1.45391250011294 3.85227765572803 2.31560312802413 -3.98922275570833 FALSE ""
100 33 356 -1.36296212044634 3.3047613642097 2.68325190236808 -3.91304041550725 FALSE ""
100 1 357 0.085605722736673 4.18282039724355 -2.05310191314736 -2.08561662093423 FALSE ""
150 2 358 0.730920924063381 3.21783510024402 -2.37650116729402 -2.82613806399848 FALSE ""
100 48 359 -1.09310852211924 3.15562464273647 1.6175781955947 -3.08579831831405 FALSE ""
150 72 360 -1.40278597541069 3.64386165140982 2.57096536698804 -4.223522733745 FALSE ""
150 44 361 -1.23712957387173 3.1297446243994 2.14842676059063 -2.82020300676396 FALSE ""
200 18 362 0.543262091238411 3.5348182018575 -2.49994124536226 -1.62653670628611 FALSE ""
50 95 363 -0.879209984417891 3.93360920399622 0.503498483452228 -3.85533616988026 FALSE ""
100 39 364 -1.3700286356806 3.16964899052522 2.62533160718621 -3.31432522626082 FALSE ""
100 95 365 -0.939385808170677 3.07743439994361 1.53478450964991 -3.06557589805825 FALSE ""
150 40 366 -1.24833547688821 3.38816847074992 1.64637084248705 -2.63950585379722 FALSE ""
50 66 367 -1.38733256410811 3.6163062306126 1.49408951396476 -3.36602298788546 FALSE ""
50 57 368 -1.38251047787755 3.49150686006028 3.46101120346856 -5.31671231895072 FALSE ""
150 80 369 -1.17295331116804 3.44240861679554 1.65711356616558 -3.25043600768056 FALSE ""
100 14 370 -1.60677635411387 3.65317524228346 2.00399145348221 -2.86170528864249 FALSE ""
50 10 371 -1.55500448321957 3.27927033207321 2.05995866344355 -2.26903788042809 FALSE ""
150 28 372 -1.12186546441356 3.45434322826924 1.45226342324578 -2.94264236316744 FALSE ""
200 22 373 -1.36167548986936 3.26430045113557 2.15970367231402 -3.13553989727647 FALSE ""
300 77 374 -1.40732579341919 3.50691780280435 2.52152752297324 -3.64114809728153 FALSE ""
150 95 375 -1.25148515093568 3.31398694556949 2.25517128752281 -3.56419128252114 FALSE ""
200 52 376 -1.33026851784097 3.5712106838096 1.95714698178306 -3.52518777341959 FALSE ""
100 75 377 -1.47045750980983 3.54449059462343 3.01779700507806 -4.54523430633619 FALSE ""
300 94 378 0.424674638165604 3.74074378942063 -2.13243954576548 -2.79988285789472 FALSE ""
150 98 379 -1.33603627016602 3.42888906331396 2.33422324372447 -3.52406074439958 FALSE ""
100 84 380 -1.59694116465298 3.57233830169775 2.45625213548477 -2.97337571893282 FALSE ""
100 79 381 -1.18008574422572 3.12621205276289 1.880769932575 -3.09224837705196 FALSE ""
150 87 382 0.415183025973695 3.73895646162324 -2.4339113495987 -2.13834634238669 FALSE ""
300 38 383 -1.29877614047828 3.39227430387773 2.22349131574403 -3.66637647496878 FALSE ""
200 51 384 -1.40687325292888 3.2169108005564 2.77642952759508 -3.4528732409833 FALSE ""
150 100 385 -1.18777943615892 3.34314020844002 1.5896261965784 -2.81795812465527 FALSE ""
150 85 386 -1.39736571764388 3.48830276802906 2.01627910626212 -2.95343956898009 FALSE ""
50 84 387 0.70237593006751 3.0501668160291 -1.65250254512748 -2.83045349067954 FALSE ""
150 38 388 -1.37484794792631 3.38657193955137 2.66414989655289 -4.1553057459516 FALSE ""
200 44 389 -1.40449631093012 3.59976058771724 2.01523463934931 -3.40405557270765 FALSE ""
50 34 390 0.330335160328415 3.520876573723 -1.85947997627763 -2.75893465797184 FALSE ""
200 98 391 -1.37193608949728 3.47315657954825 1.93931999027315 -2.94158245703125 FALSE ""
300 47 392 -1.24768138038846 3.0551964242379 2.57119744709343 -3.58057250458554 FALSE ""
50 5 393 -1.39640208954047 3.07421303113129 1.77882459411509 -1.6873117442627 FALSE ""
150 91 394 -1.16498051219275 3.54245206717101 0.964586285416897 -2.17914540968326 FALSE ""
50 99 395 -1.64828653251505 3.40407398077694 2.69847022098261 -3.0923010062798 FALSE ""
100 63 396 0.698612049530734 3.552302124245 -1.91156405773358 -3.2634692307344 FALSE ""
200 1 397 -1.39771065038228 3.32009748322917 2.8222934565974 -4.10293200099635 FALSE ""
200 82 398 -1.45337354802284 3.46198982400224 2.73718343601597 -4.15500017498703 FALSE ""
50 94 399 -1.39175135011086 3.26848606138035 3.64834292941561 -5.56789055278639 FALSE ""
50 22 400 1.22678821844845 3.93979168513158 -4.55411940877653 -2.24296929172255 FALSE ""
100 38 401 0.769527320379946 3.01851419577644 -2.42543915137581 -1.69687242262062 FALSE ""
50 19 402 -1.29918792523458 3.38117100110044 2.20178588753815 -3.37758262106069 FALSE ""
150 27 403 -1.39575054799153 3.39119493931097 1.99033530068857 -2.33143200937579 FALSE ""
50 35 404 -1.29281822975409 3.18680158335912 2.47412213928652 -3.49012568058658 FALSE ""
300 12 405 -1.2570214038047 3.36486156407222 2.26366882512983 -3.62802523552033 FALSE ""
300 10 406 -1.12277213142519 3.19152091114232 1.83874612869434 -3.50986484461993 FALSE ""
50 65 407 0.54230299255024 3.96494224335092 -2.55895087947784 -1.65307342686618 FALSE ""
200 17 408 -1.41965945272071 3.40610447466594 2.37292260236975 -3.13133002322145 FALSE ""
100 11 409 0.600060139997625 3.41784298255699 -2.23181459626278 -2.61561945056501 FALSE ""
200 48 410 0.20485135406162 3.48892848197004 -1.64380925762466 -2.34032348285492 FALSE ""
50 91 411 -0.994458219730809 2.76808835355793 2.84869091472505 -4.59416605017628 FALSE ""
150 96 412 -1.49479440979524 3.57760710821979 2.42858243811909 -3.51743721326398 FALSE ""
150 66 413 -1.53945811141178 3.61544722926343 2.78904978429437 -4.25338583607379 FALSE ""
300 83 414 0.623642883589284 3.46479022393902 -2.32824426468935 -2.6800629143648 FALSE ""
100 44 415 -1.77223919913355 3.5101548062647 3.76074410481044 -4.32441927573316 FALSE ""
150 21 416 -1.47909644464434 3.39504483680956 3.01258407835989 -4.39857316945677 FALSE ""
50 98 417 -1.00263992258186 3.33772663116933 0.945597917505498 -2.3429878306916 FALSE ""
300 18 418 0.570781880742992 3.50761944720857 -2.1749559538861 -2.62178983487259 FALSE ""
50 96 419 -1.2205808972311 2.92550344799804 2.56942902834384 -4.23067739677668 FALSE ""
150 97 420 0.564382185239658 3.65928983768088 -2.12869432835326 -2.70152941128676 FALSE ""
50 25 421 -0.717720594447783 3.41335487069453 -0.101453549041997 -2.27280415560057 FALSE ""
300 34 422 -1.1647333621754 3.29628598608838 1.98512205738023 -3.48092626820833 FALSE ""
50 29 423 -1.16680061720828 3.20363410278595 1.95697644045389 -3.18102673755232 FALSE ""
100 16 424 -1.3896304704291 3.35139686266143 2.60481582871582 -3.4578245588334 FALSE ""
300 44 425 -1.19302320977991 3.55567497361483 1.69207028125406 -3.41623245663855 FALSE ""
300 39 426 -1.35148906782521 3.5250675273421 2.13002677798076 -3.54771058831112 FALSE ""
200 49 427 0.72456479217939 3.16147939398566 -2.02475227481769 -2.91483385808965 FALSE ""
300 19 428 -1.2185549017513 3.28161850139934 1.97779250494642 -3.32629223842867 FALSE ""
150 57 429 -1.40080748590933 3.08742981172568 3.29287008744041 -3.99339268301163 FALSE ""
50 31 430 -1.49863691326356 3.6122423156029 2.66131090669815 -4.26342029496883 FALSE ""
150 88 431 -1.06525366289276 3.18442800841906 1.88899968390568 -3.9685894834601 FALSE ""
150 36 432 3.4933934697895 3.38647477783404 -7.25066242660859 -3.51116980710219 FALSE ""
300 25 433 -1.27534565134173 3.34026418114443 2.16722952847549 -3.16454688840623 FALSE ""
100 80 434 0.985520082646908 3.0366559533403 -2.44693142405214 -2.93666812109778 FALSE ""
150 63 435 0.580013526472402 3.67433964950012 -2.59308228436478 -2.07314975138127 FALSE ""
50 77 436 -1.46883245754913 3.53320679969192 3.2646878941047 -4.65091957932243 FALSE ""
300 90 437 -1.4071460774531 3.42924845820303 2.35502274699586 -3.62259977872268 FALSE ""
50 24 438 0.482668187593988 3.65600761371099 -1.37923648588976 -4.02798191638068 FALSE ""
300 37 439 -1.33818911021141 3.50526429584436 2.10897398857226 -3.24078886108006 FALSE ""
200 76 440 -1.37398951462329 3.48202985477973 2.64864597370702 -4.2110316806741 FALSE ""
50 17 441 -1.81994644275551 3.92951252436207 3.41964532860289 -4.77549924740954 FALSE ""
100 47 442 -1.26211216279814 3.54480092757209 1.60356453798862 -3.0412949988836 FALSE ""
150 19 443 -1.06676467432524 3.35722385538907 1.64185329238219 -3.71668176217085 FALSE ""
150 86 444 -1.46294441760535 3.39454437404948 2.79970435130608 -3.80512038853629 FALSE ""
200 33 445 0.830260194346501 3.21299597330991 -2.07299707596462 -3.36309344365917 FALSE ""
150 41 446 0.288919373536318 3.9832806413838 -1.92388132697734 -2.71378216377147 FALSE ""
300 92 447 -1.30027828280466 3.24813264584623 2.58976432986432 -3.86855685830901 FALSE ""
200 65 448 0.570269622855758 3.53106151324409 -2.28749647365498 -2.58772562849463 FALSE ""
150 54 449 -1.39921466906039 3.65612818087679 1.96465916088853 -3.89280830037848 FALSE ""
100 73 450 -1.27457574864683 3.594724265647 1.32677080798372 -2.90638707078347 FALSE ""
50 88 451 0.596818553793963 3.9420501776394 -2.39390330008649 -4.2174330168687 FALSE ""
50 83 452 0.896746222838148 3.2724081227756 -2.48639395952576 -2.34280211399033 FALSE ""
300 32 453 -1.39011539509865 3.33949220487141 2.72607142349865 -3.72542013172315 FALSE ""
200 35 454 -1.32917639487579 3.46004175827818 1.9520963298338 -3.13854774652524 FALSE ""
100 45 455 -1.44153728791828 3.3127583821213 3.34885254277238 -4.15471745231804 FALSE ""
200 4 456 -1.3791202751572 3.66747836738564 1.62715203087831 -3.03747117999483 FALSE ""
50 47 457 -1.5328313998917 3.54587641943033 2.88165635154267 -3.66139124285992 FALSE ""
200 69 458 -1.31168765492265 3.52972830558664 2.5065778354573 -4.24789776911307 FALSE ""
100 56 459 -1.31387057523506 3.40769834500432 2.32850020506538 -3.39014264363775 FALSE ""
150 65 460 -1.2416366310797 3.00153240255528 2.48019094538494 -3.57260419758934 FALSE ""
150 11 461 -1.32734514378738 3.24871147207405 2.70058810416019 -3.43139755272315 FALSE ""
200 55 462 -1.19654831420783 3.16847751613753 2.17944524092047 -3.03575328705127 FALSE ""
150 49 463 -1.22328040208391 3.24592166907135 2.56143225351316 -4.54108984864521 FALSE ""
50 45 464 0.610111532098135 3.66436870716228 -2.26351259210108 -3.08652099434394 FALSE ""
150 42 465 -1.1627279667922 3.61978016877835 1.25633100317558 -2.26049035821816 FALSE ""
50 71 466 -1.34170463884145 3.80603243717762 1.99990163602494 -3.36925683666976 FALSE ""
100 29 467 -1.02089692210281 3.33208728286607 1.68974752307102 -3.66966603941917 FALSE ""
300 53 468 -1.4001148734948 3.49631408824068 2.13594098697836 -3.29358280176469 FALSE ""
100 52 469 0.72524931821956 3.3422536474076 -1.85576210575365 -2.84668616557408 FALSE ""
300 95 470 -1.28223534336046 3.25131817535251 2.38758394966427 -3.2892938625617 FALSE ""
150 94 471 -0.977257886415976 3.21448158872083 1.11212903551004 -3.0470165703532 FALSE ""
200 15 472 2.81050694019016 3.42801782389677 -6.37650792870429 -2.72833092999051 FALSE ""
200 93 473 -1.36417590217921 3.38638853573164 2.00967901218294 -3.15092665412725 FALSE ""
200 39 474 -1.31891878331937 3.34322441907072 2.59596452114488 -3.66697690983923 FALSE ""
300 48 475 -1.40622008179142 3.23228651049993 2.76918748408989 -3.61461499203167 FALSE ""
50 23 476 0.629300752381196 3.64357350402726 -2.55413038744409 -2.40887108393819 FALSE ""
300 76 477 -1.29483577843989 3.43040353414018 2.19408443365348 -3.58461303199043 FALSE ""
50 93 478 -1.2877198083701 3.2140569651295 2.00117669678829 -2.29457498193103 FALSE ""
300 82 479 -1.49471952009509 3.45375226817284 3.03767263550362 -4.37865785602809 FALSE ""
200 42 480 -1.15466067989423 3.27151105352762 1.52692741412414 -3.25949936245468 FALSE ""
300 50 481 -1.40038820480652 3.63219236084153 1.50534750276698 -2.95247706689002 FALSE ""
150 10 482 -1.43988482474326 2.97382657238746 3.89835245574759 -4.88551574254084 FALSE ""
50 90 483 -1.13165660778285 3.32125494205699 1.70079451855723 -4.34134951899542 FALSE ""
50 69 484 -1.34744297543182 4.08685724268266 1.0041748260001 -2.95659272237234 FALSE ""
150 69 485 -1.434991759181 3.65156223114252 2.36110677227046 -3.51590637574266 FALSE ""
50 87 486 1.01878432933448 3.03248992023513 -2.50784772251165 -3.36860390406304 FALSE ""
200 67 487 -1.17306434811712 3.24811963298377 2.17409218847905 -3.64732880073696 FALSE ""
150 23 488 -1.39234855376316 3.45543332597297 2.49925419905847 -3.87335847518223 FALSE ""
100 19 489 -1.20884314594023 3.28506227965807 1.87206252844606 -3.1867157844849 FALSE ""
200 30 490 -1.27066173217904 3.115572123355 2.22397453494462 -3.13421887884696 FALSE ""
150 61 491 -1.27475172407259 3.42420293797496 1.65171454911454 -3.24450545565011 FALSE ""
150 1 492 -1.1754277649408 3.56068377075877 1.42323426911311 -2.76616689401318 FALSE ""
200 26 493 0.742170655165371 3.41044044588885 -2.17085541038074 -3.36803995239485 FALSE ""
300 29 494 -1.23766175374631 3.37734336859138 2.13985644116883 -3.94207153895954 FALSE ""
300 61 495 -1.16992003897739 3.10886707335584 1.93241699812724 -2.90718320410766 FALSE ""
300 85 496 -1.3242484184709 3.53707427703028 1.67139296668366 -3.04860344698651 FALSE ""
50 63 497 0.728540287463741 3.13630657659846 -1.52420001505423 -4.49697530272703 FALSE ""
100 90 498 -1.15315053182187 3.36361245697468 1.46090050116335 -2.80231707886948 FALSE ""
200 62 499 -1.4408570345966 3.41365401980708 3.40494814200941 -5.15265785422775 FALSE ""
200 83 500 -1.30415465239564 3.52721921568887 1.99872588207153 -3.47606727259193 FALSE ""
